-0.000001338856
-0.000001298957
-0.000004362611
-0.000005485443
-0.000007616188
-0.000011143548
-0.000013848041
-0.000016468468
-0.000020154275
-0.000024253710
-0.000029275488
-0.000035367088
-0.000040266601
-0.000045707304
-0.000051870255
-0.000058346439
-0.000064586377
-0.000070901100
-0.000076840319
-0.000082982784
-0.000088976172
-0.000095260315
-0.000100901983
-0.000108124375
-0.000113240516
-0.000118250966
-0.000122825222
-0.000126920815
-0.000129737527
-0.000134076225
-0.000136760311
-0.000138905176
-0.000141019162
-0.000142753241
-0.000144650621
-0.000144992839
-0.000145203303
-0.000145538870
-0.000146185586
-0.000145821003
-0.000145738537
-0.000144722711
-0.000145357932
-0.000145814614
-0.000144143822
-0.000145382495
-0.000142655379
-0.000142780176
-0.000142388802
-0.000141311888
-0.000142132631
-0.000142723700
-0.000143952551
-0.000143317156
-0.000143341691
-0.000143700658
-0.000144501973
-0.000145466896
-0.000145960046
-0.000146997452
-0.000147194383
-0.000147950166
-0.000148401130
-0.000148276318
-0.000149874380
-0.000149197207
-0.000149169035
-0.000148105304
-0.000149179861
-0.000149853993
-0.000151042783
-0.000151392451
-0.000152215289
-0.000151595421
-0.000152023276
-0.000152846827
-0.000152816967
-0.000153808825
-0.000153685760
-0.000155707588
-0.000157992748
-0.000156904804
-0.000157208153
-0.000157930961
-0.000158039882
