0.109789572656
0.143114343286
0.180642798543
0.222219005227
0.267582237720
0.316366881132
0.368104726076
0.422231018543
0.478092372417
0.534959316254
0.592038989067
0.648492157459
0.703451395035
0.756040394306
0.805393576622
0.850677609444
0.891111373901
0.925983428955
0.954671740532
0.976659417152
0.991545736790
0.999057590961
0.999057590961
0.991545736790
0.976659417152
0.954671740532
0.925983428955
0.891111373901
0.850677609444
0.805393576622
0.756040394306
0.703451395035
0.648492157459
0.592038989067
0.534959316254
0.478092372417
0.422231018543
0.368104726076
0.316366881132
0.267582237720
0.222219005227
0.180642798543
0.143114343286
0.109789572656
