-0.000320434570
0.000106811523
-0.000656127930
0.000015258789
-0.000198364258
-0.000442504883
-0.000076293945
0.000015258789
-0.000198364258
-0.000198364258
-0.000320434570
-0.000442504883
0.000015258789
-0.000076293945
-0.000198364258
-0.000198364258
-0.000076293945
-0.000076293945
0.000015258789
-0.000076293945
-0.000076293945
-0.000198364258
-0.000076293945
-0.000534057617
0.000015258789
-0.000076293945
-0.000076293945
-0.000076293945
0.000106811523
-0.000442504883
-0.000076293945
-0.000076293945
-0.000198364258
-0.000198364258
-0.000320434570
0.000015258789
-0.000076293945
-0.000198364258
-0.000320434570
-0.000076293945
-0.000198364258
0.000015258789
-0.000442504883
-0.000320434570
0.000015258789
-0.000320434570
0.000106811523
0.000015258789
-0.000076293945
-0.000076293945
-0.000198364258
-0.000076293945
-0.000442504883
0.000106811523
-0.000198364258
-0.000320434570
0.000015258789
-0.000198364258
-0.000198364258
-0.000320434570
0.000015258789
-0.000198364258
-0.000076293945
-0.000076293945
-0.000534057617
0.000015258789
-0.000076293945
-0.000198364258
-0.000198364258
-0.000198364258
-0.000320434570
-0.000076293945
-0.000076293945
-0.000198364258
-0.000076293945
-0.000198364258
-0.000076293945
-0.000320434570
-0.000076293945
-0.000320434570
-0.000442504883
0.000350952148
-0.000198364258
-0.000076293945
-0.000076293945
