-0.004196072929
-0.004154048860
-0.004202468321
-0.004221035168
-0.004223397002
-0.004289948847
-0.004308884498
-0.004302845336
-0.004312408622
-0.004311055411
-0.004335494712
-0.004347386770
-0.004371183459
-0.004369308706
-0.004370821174
-0.004405725747
-0.004407272208
-0.004408050794
-0.004387403838
-0.004401602317
-0.004389313981
-0.004396519158
-0.004386903252
-0.004383489024
-0.004383538850
-0.004373727366
-0.004346886184
-0.004315974191
-0.004260508809
-0.004244642798
-0.004217772279
-0.004183066078
-0.004144551232
-0.004116178490
-0.004089213908
-0.004041359294
-0.003976909444
-0.003947989549
-0.003912796732
-0.003852252616
-0.003875970840
-0.003822094994
-0.003827867098
-0.003831491107
-0.003787588561
-0.003820136422
-0.003748477669
-0.003751756391
-0.003741472494
-0.003713175422
-0.003734741127
-0.003750272095
-0.003782562213
-0.003765866626
-0.003766511334
-0.003775943769
-0.003796999110
-0.003822354367
-0.003835313022
-0.003862570971
-0.003867746796
-0.003887605388
-0.003899455536
-0.003896175418
-0.003938167822
-0.003920373973
-0.003919633571
-0.003891682951
-0.003919917159
-0.003937630448
-0.003968868405
-0.003978057299
-0.003999677487
-0.003983390052
-0.003994632978
-0.004016272258
-0.004015488084
-0.004041550681
-0.004038315732
-0.004091443494
-0.004151489120
-0.004122901708
-0.004130871966
-0.004149865359
-0.004152726848
